10
0 79 0 0 0 0 0 38 62 0
79 0 76 129 0 206 0 0 58 0
0 76 0 61 0 0 170 0 102 0
0 129 61 0 40 0 0 0 0 90
0 0 0 40 0 63 113 0 0 97
0 206 0 0 63 0 69 0 0 0
0 0 170 0 113 69 0 72 0 0
38 0 0 0 0 0 72 0 0 65
62 58 102 0 0 0 0 0 0 25
0 0 0 90 97 0 0 65 25 0